1.98 0.088
1.75 0.088
1.8 0.456
1.83 1.456
1.66 1.456
1.76 2.494
1.69 3.496
1.66 3.496
1.69 4.496
1.7 5.534
1.81 5.534
1.73 6.536
1.71 7.536
1.71 7.536
1.73 8.576
1.68 9.576
1.62 9.576
1.64 10.576
1.67 11.616
1.57 11.616
1.56 12.639
1.5 13.658
1.54 13.658
1.71 14.656
1.69 15.654
1.65 15.654
1.72 16.696
1.82 17.696
1.8 17.696
1.69 18.694
1.62 19.735
1.66 19.735
1.69 20.735
1.73 21.735
1.69 21.735
1.81 22.777
1.87 23.775
1.89 23.775
1.9 24.815
1.78 25.815
1.63 25.815
1.69 26.815
1.68 27.855
1.82 28.854
1.88 28.854
2.13 29.884
2.11 30.895
1.93 31.894
2.01 31.894
2.09 32.895
1.83 33.935
1.85 34.933
1.91 34.933
1.92 35.975
2.06 36.975
2.03 37.975
1.93 39.014
1.99 39.014
1.98 40.015
1.84 41.015
1.95 42.067
2.0 42.067
2.01 43.055
1.99 44.055
1.83 45.093
1.93 45.093
1.87 46.094
1.85 47.095
1.7 48.133
1.78 48.133
1.74 49.135
1.71 50.175
1.79 50.175
1.86 51.175
1.95 52.174
2.03 53.215
1.99 53.215
2.1 54.215
1.94 55.214
1.97 56.255
1.93 57.255
1.95 57.255
1.86 58.253
1.93 59.294
1.99 60.295
1.9 60.295
1.85 61.332
1.87 62.335
1.93 62.335
1.9 63.335
1.87 64.375
1.86 65.375
1.88 65.375
1.86 66.401
1.68 67.415
1.75 68.414
1.82 68.414
1.87 69.415
1.77 70.455
1.85 70.455
1.84 71.453
1.82 72.495
2.0 73.495
2.02 73.495
1.79 74.492
1.89 75.535
1.91 76.535
1.96 76.535
1.73 77.535
1.74 78.575
1.8 78.575
1.88 79.575
1.74 80.575
1.85 81.614
1.89 81.614
1.79 82.615
2.03 83.654
2.08 84.653
2.03 84.653
2.02 85.655
2.17 86.695
2.12 87.692
1.99 88.695
2.1 88.695
1.96 89.735
1.96 90.738
2.08 91.775
2.05 92.775
1.89 92.775
1.86 93.775
1.84 94.814
2.12 95.826
2.12 96.815
2.04 96.815
2.07 97.853
2.03 98.855
1.86 99.855
1.94 99.855
1.82 100.892
1.99 115.034
1.91 115.035
1.8 115.035
2.01 115.036
2.04 115.036
1.98 115.037
1.82 115.037
1.94 115.123
2.03 115.125
2.06 115.126
1.75 115.126
1.62 115.127
1.6 115.128
1.63 115.128
1.72 115.129
1.68 115.137
1.76 115.137
1.74 115.138
1.65 115.14
1.64 115.14
1.65 116.094
1.64 117.095
1.54 117.095
1.54 118.134
1.56 118.134
1.56 119.134
1.55 120.174
1.48 120.174
1.46 121.174
1.47 121.174
1.52 122.174
1.64 123.214
1.64 123.214
1.58 124.225
1.54 125.216
1.58 125.216
1.81 126.254
1.86 127.252
1.82 127.252
1.72 128.254
1.9 129.294
1.96 130.294
1.84 130.294
1.7 131.334
1.7 132.338
1.77 132.338
1.93 133.334
2.05 134.374
1.9 135.374
1.73 135.374
1.88 136.374
1.83 137.412
2.09 138.414
2.1 138.414
2.01 139.414
1.91 140.452
2.04 141.454
2.08 141.454
1.93 142.494
2.05 143.494
2.04 144.494
2.09 145.534
1.9 145.534
2.1 146.534
2.09 147.533
2.06 148.574
1.91 149.585
2.05 149.585
2.05 150.573
1.92 151.614
1.84 152.614
1.85 152.614
1.91 153.651
2.03 154.654
1.89 155.654
1.77 155.654
1.9 156.694
1.97 157.694
2.04 158.694
1.92 158.694
1.88 159.734
1.92 160.733
1.97 161.774
1.86 161.774
1.74 162.774
1.84 163.772
1.87 164.814
1.7 164.814
1.68 165.814
1.82 166.812
1.92 166.812
2.02 167.854
2.03 168.854
1.79 169.858
1.98 169.858
1.91 170.894
1.86 171.894
2.0 172.934
1.73 172.934
1.81 173.933
1.94 174.934
1.95 175.974
1.95 175.974
1.78 176.972
1.71 177.978
1.77 177.978
1.7 178.974
1.85 180.012
1.69 181.014
1.8 181.014
1.84 182.054
1.98 183.054
1.93 183.054
1.8 184.054
1.67 185.094
1.7 186.094
1.72 186.094
1.62 187.093
1.7 187.093
1.76 188.134
1.81 189.134
1.65 190.172
1.7 190.172
1.7 191.174
1.79 192.174
1.88 192.174
1.7 193.212
1.62 194.214
1.7 194.214
1.8 195.214
1.86 196.253
1.87 196.253
1.85 197.254
1.75 198.254
1.65 199.294
1.72 199.294
1.78 200.293
1.82 201.333
1.89 201.333
1.94 202.333
1.86 203.344
1.82 216.207
1.64 216.207
1.66 216.208
1.7 216.208
1.76 216.209
1.72 216.267
1.85 216.268
1.75 216.268
1.93 216.297
1.99 216.298
2.13 216.307
1.87 216.307
1.93 216.309
1.99 216.328
1.98 216.346
1.81 216.346
1.84 216.347
1.86 216.532
1.87 217.533
1.71 217.533
1.79 218.573
1.83 219.572
1.05 219.572
0.93 219.572
