4.243 1.69
5.234 1.87
6.195 2.02
6.195 1.85
7.357 1.73
8.313 1.76
8.313 1.72
9.315 1.63
10.315 1.63
10.315 1.64
11.277 1.72
12.275 1.72
12.275 1.68
13.437 1.54
13.437 1.51
14.395 1.52
15.394 1.6
15.394 1.75
16.395 1.89
17.356 1.73
17.356 1.69
18.356 1.85
19.475 1.84
20.475 1.76
20.475 1.67
21.473 1.82
22.475 1.66
22.475 1.74
23.437 1.75
24.596 1.83
24.596 1.76
25.555 1.64
26.555 1.68
26.555 1.75
27.555 1.84
28.514 1.85
28.514 1.67
29.515 1.77
30.635 1.83
31.633 1.78
31.633 1.66
32.635 1.5
32.635 1.44
33.635 1.5
34.593 1.57
34.593 1.75
35.626 1.67
36.715 1.74
36.715 1.78
37.715 1.83
38.715 1.71
38.715 1.83
39.715 1.83
40.676 1.87
41.834 1.86
41.834 1.7
42.795 1.75
43.795 1.7
43.795 1.75
44.794 1.69
45.756 1.51
45.756 1.5
46.755 1.56
46.755 1.68
47.913 1.53
48.876 1.56
48.876 1.7
49.875 1.82
50.875 1.89
50.875 1.67
51.875 1.65
52.995 1.74
52.995 1.83
53.995 1.75
54.954 1.71
55.955 1.82
55.955 1.92
56.955 1.95
57.914 1.77
59.035 1.94
59.035 2.01
60.035 2.06
61.033 1.82
62.035 1.9
62.035 1.86
62.996 1.77
64.156 1.63
64.156 1.64
65.13 1.55
66.115 1.7
66.115 1.87
67.115 1.84
68.074 1.84
68.074 1.87
69.075 1.71
70.236 1.61
70.236 1.68
71.194 1.74
72.195 1.71
72.195 1.8
73.195 1.86
74.153 1.77
75.316 1.8
75.316 1.84
76.274 1.85
77.272 1.7
77.272 1.69
78.275 1.8
79.275 1.87
80.394 1.94
80.394 1.73
81.394 1.89
82.356 1.92
83.355 1.98
83.355 1.79
84.354 2.0
85.316 2.0
86.435 2.04
86.435 1.94
87.433 2.08
88.434 2.02
89.396 1.8
89.396 1.71
90.393 1.8
91.514 1.78
91.514 1.85
92.514 1.84
93.514 1.62
93.514 1.59
94.514 1.67
95.476 1.76
95.476 1.78
96.474 1.64
97.593 1.62
97.593 1.68
98.594 1.7
99.594 1.72
99.594 1.58
100.592 1.65
101.556 1.67
101.556 1.77
102.554 1.75
103.672 1.81
103.672 1.72
104.674 1.56
105.674 1.54
105.674 1.54
