0.088 1.98
0.088 1.75
0.456 1.8
1.456 1.83
1.456 1.66
2.494 1.76
3.496 1.69
3.496 1.66
4.496 1.69
5.534 1.7
5.534 1.81
6.536 1.73
7.536 1.71
7.536 1.71
8.576 1.73
9.576 1.68
9.576 1.62
10.576 1.64
11.616 1.67
11.616 1.57
12.639 1.56
13.658 1.5
13.658 1.54
14.656 1.71
15.654 1.69
15.654 1.65
16.696 1.72
17.696 1.82
17.696 1.8
18.694 1.69
19.735 1.62
19.735 1.66
20.735 1.69
21.735 1.73
21.735 1.69
22.777 1.81
23.775 1.87
23.775 1.89
24.815 1.9
25.815 1.78
25.815 1.63
26.815 1.69
27.855 1.68
28.854 1.82
28.854 1.88
29.884 2.13
30.895 2.11
31.894 1.93
31.894 2.01
32.895 2.09
33.935 1.83
34.933 1.85
34.933 1.91
35.975 1.92
36.975 2.06
37.975 2.03
39.014 1.93
39.014 1.99
40.015 1.98
41.015 1.84
42.067 1.95
42.067 2.0
43.055 2.01
44.055 1.99
45.093 1.83
45.093 1.93
46.094 1.87
47.095 1.85
48.133 1.7
48.133 1.78
49.135 1.74
50.175 1.71
50.175 1.79
51.175 1.86
52.174 1.95
53.215 2.03
53.215 1.99
54.215 2.1
55.214 1.94
56.255 1.97
57.255 1.93
57.255 1.95
58.253 1.86
59.294 1.93
60.295 1.99
60.295 1.9
61.332 1.85
62.335 1.87
62.335 1.93
63.335 1.9
64.375 1.87
65.375 1.86
65.375 1.88
66.401 1.86
67.415 1.68
68.414 1.75
68.414 1.82
69.415 1.87
70.455 1.77
70.455 1.85
71.453 1.84
72.495 1.82
73.495 2.0
73.495 2.02
74.492 1.79
75.535 1.89
76.535 1.91
76.535 1.96
77.535 1.73
78.575 1.74
78.575 1.8
79.575 1.88
80.575 1.74
81.614 1.85
81.614 1.89
82.615 1.79
83.654 2.03
84.653 2.08
84.653 2.03
85.655 2.02
86.695 2.17
87.692 2.12
88.695 1.99
88.695 2.1
89.735 1.96
90.738 1.96
91.775 2.08
92.775 2.05
92.775 1.89
93.775 1.86
94.814 1.84
95.826 2.12
96.815 2.12
96.815 2.04
97.853 2.07
98.855 2.03
99.855 1.86
99.855 1.94
100.892 1.82
115.034 1.99
115.035 1.91
115.035 1.8
115.036 2.01
115.036 2.04
115.037 1.98
115.037 1.82
115.123 1.94
115.125 2.03
115.126 2.06
115.126 1.75
115.127 1.62
115.128 1.6
115.128 1.63
115.129 1.72
115.137 1.68
115.137 1.76
115.138 1.74
115.14 1.65
115.14 1.64
116.094 1.65
117.095 1.64
117.095 1.54
118.134 1.54
118.134 1.56
119.134 1.56
120.174 1.55
120.174 1.48
121.174 1.46
121.174 1.47
122.174 1.52
123.214 1.64
123.214 1.64
124.225 1.58
125.216 1.54
125.216 1.58
126.254 1.81
127.252 1.86
127.252 1.82
128.254 1.72
129.294 1.9
130.294 1.96
130.294 1.84
131.334 1.7
132.338 1.7
132.338 1.77
133.334 1.93
134.374 2.05
135.374 1.9
135.374 1.73
136.374 1.88
137.412 1.83
138.414 2.09
138.414 2.1
139.414 2.01
140.452 1.91
141.454 2.04
141.454 2.08
142.494 1.93
143.494 2.05
144.494 2.04
145.534 2.09
145.534 1.9
146.534 2.1
147.533 2.09
148.574 2.06
149.585 1.91
149.585 2.05
150.573 2.05
151.614 1.92
152.614 1.84
152.614 1.85
153.651 1.91
154.654 2.03
155.654 1.89
155.654 1.77
156.694 1.9
157.694 1.97
158.694 2.04
158.694 1.92
159.734 1.88
160.733 1.92
161.774 1.97
161.774 1.86
162.774 1.74
163.772 1.84
164.814 1.87
164.814 1.7
165.814 1.68
166.812 1.82
166.812 1.92
167.854 2.02
168.854 2.03
169.858 1.79
169.858 1.98
170.894 1.91
171.894 1.86
172.934 2.0
172.934 1.73
173.933 1.81
174.934 1.94
175.974 1.95
175.974 1.95
176.972 1.78
177.978 1.71
177.978 1.77
178.974 1.7
180.012 1.85
181.014 1.69
181.014 1.8
182.054 1.84
183.054 1.98
183.054 1.93
184.054 1.8
185.094 1.67
186.094 1.7
186.094 1.72
187.093 1.62
187.093 1.7
188.134 1.76
189.134 1.81
190.172 1.65
190.172 1.7
191.174 1.7
192.174 1.79
192.174 1.88
193.212 1.7
194.214 1.62
194.214 1.7
195.214 1.8
196.253 1.86
196.253 1.87
197.254 1.85
198.254 1.75
199.294 1.65
199.294 1.72
200.293 1.78
201.333 1.82
201.333 1.89
202.333 1.94
203.344 1.86
216.207 1.82
216.207 1.64
216.208 1.66
216.208 1.7
216.209 1.76
216.267 1.72
216.268 1.85
216.268 1.75
216.297 1.93
216.298 1.99
216.307 2.13
216.307 1.87
216.309 1.93
216.328 1.99
216.346 1.98
216.346 1.81
216.347 1.84
216.532 1.86
217.533 1.87
217.533 1.71
218.573 1.79
219.572 1.83
219.572 1.05
219.572 0.93
